# cond_context [1,46,1024] from case1_danbooru_seed1337.npz (fp32)
# For each token, the first 8 of 1024 dims. Full values available in the npz.
tok00: 2.012837 25.056881 0.033985 -17.743534 1.363858 -7.191565 3.984735 -4.788244
tok01: 3.160670 -12.750677 -1.395073 11.307943 2.601527 -15.157941 6.938385 -0.902256
tok02: 0.476748 -9.969959 -1.230729 20.341089 3.896700 -14.358681 4.774481 -35.637348
tok03: -1.242357 3.059088 -1.088783 18.059145 2.946615 -21.639221 7.661317 -36.932293
tok04: 2.063426 -8.838911 -1.107864 17.794958 1.252539 -18.473911 8.770062 -33.367996
tok05: 0.616889 -9.253313 -1.217789 14.499310 2.306402 -17.899410 7.973402 -45.862720
tok06: 2.147900 -0.945939 -1.164770 12.168955 3.103307 -14.452230 9.102386 -21.057678
tok07: 3.491093 -2.556315 -1.418567 14.818197 2.949399 -3.260075 8.521829 13.993250
tok08: 3.323649 2.625322 -1.409150 -1.778153 2.353278 -8.058873 12.767336 16.328283
tok09: -0.388183 -10.498399 -1.363386 -4.040098 2.302488 -15.174985 6.671178 -36.743629
tok10: 0.213335 3.806723 -1.380676 -2.801598 -0.296521 -19.307188 10.833235 14.987213
tok11: -0.370468 -14.813221 -1.378670 6.782225 2.138191 -17.381166 6.137857 -45.049999
tok12: -0.809101 -28.243809 -1.376402 7.484421 0.902513 -7.868178 12.003098 -22.104351
tok13: 1.443842 -4.195803 -1.515190 -1.846939 1.492053 -13.335550 10.265635 19.105789
tok14: 1.602778 17.305412 -1.425588 1.239782 1.773975 -15.874502 7.983769 27.446230
tok15: 0.898830 -18.298983 -1.468030 14.369534 2.333466 -18.250237 4.641145 -40.125076
tok16: 1.777372 12.064323 -1.209709 0.355059 0.769811 -15.796656 11.323200 17.122496
tok17: 3.468952 1.012463 -1.193117 10.016262 0.946842 -13.680568 5.631315 -14.096683
tok18: 1.336360 -7.639423 -1.278830 7.187557 3.067086 -7.109114 7.311165 -1.384319
tok19: 1.889553 -13.532709 -1.352671 16.602030 2.411085 -13.852681 5.312438 -42.038185
tok20: -0.069151 1.466142 -1.178326 8.949427 -0.708929 -15.671443 5.658909 -23.841093
tok21: 0.329128 -7.801548 -1.408952 9.659019 3.123602 -7.899161 5.130344 -3.673459
tok22: 1.413139 -12.021935 -1.358523 16.590204 2.399214 -14.454938 4.813737 -38.543903
tok23: 2.814430 2.906637 -1.134546 4.335360 1.339249 -21.847313 9.475348 -11.493670
tok24: 2.223196 -8.030981 -1.293132 10.068501 2.487934 -11.154173 8.667109 -7.454642
tok25: 1.061020 -17.083614 -1.368679 16.614456 2.112695 -16.394827 4.515398 -37.106308
tok26: 2.755204 -5.532301 -1.216881 11.023366 0.124072 -21.238523 7.503661 -13.124012
tok27: 4.326669 -12.640100 -1.215196 14.340178 1.523299 -15.064163 8.592005 -15.404933
tok28: 0.780070 -21.246614 -1.417587 18.870657 2.307439 -15.736102 5.973408 -37.062279
tok29: 0.663997 -5.751279 -1.313641 11.961739 1.754466 -15.089485 8.955050 -1.274369
tok30: 0.816226 -20.826488 -1.398703 18.561462 2.190127 -16.301641 6.833629 -38.616043
tok31: 0.393624 -5.010104 -1.155104 10.793443 2.743499 -20.880203 9.857634 -3.590657
tok32: 0.674641 -13.989295 -1.178291 16.602272 0.207586 -17.960327 10.913670 -36.426567
tok33: -0.294055 -4.248576 -1.282912 3.427503 3.016426 -12.406651 11.868297 -2.687595
tok34: 0.892831 -18.705330 -1.389971 15.965718 2.110235 -14.758710 7.754414 -41.832325
tok35: 1.732015 -7.239630 -1.326440 6.595047 3.685116 -7.950060 10.494656 1.674566
tok36: 0.737740 -20.116903 -1.421075 15.493255 2.271529 -14.849819 6.767107 -42.404068
tok37: 1.761264 1.164758 -0.944840 -7.051826 1.467151 -0.312531 13.613731 -6.194883
tok38: -2.950595 -6.174309 -1.051249 15.183383 1.090476 -7.096788 10.929761 -48.962021
tok39: 2.309266 -6.871333 -1.238331 -0.572589 2.368342 3.487094 10.344320 -5.552984
tok40: 0.432487 -14.852052 -1.290203 12.182072 2.136193 -9.229662 8.925117 -50.276901
tok41: -0.144347 -6.663328 -1.033790 2.256593 0.614907 -4.819553 8.994276 -20.938612
tok42: 1.403957 4.423542 -1.284815 -5.680989 0.745504 -7.505641 12.695913 14.849855
tok43: 0.911761 -18.273237 -1.374610 10.760749 1.945450 -13.610418 10.050060 -48.184372
tok44: 0.996310 1.389372 -1.195207 9.691587 0.792913 -13.107342 11.252595 -3.522150
tok45: -1.316896 17.327833 -1.357964 -3.790185 2.751323 0.100495 8.782877 16.325281

# token0 full first-64 dims:
2.012837 25.056881 0.033985 -17.743534 1.363858 -7.191565 3.984735 -4.788244 -1.855008 2.904584 0.350016 0.446177 5.329634 -0.224242 -2.304899 0.732919 11.156272 1.327715 -3.531618 -1.291121 -1.520782 -2.543527 0.352188 8.476500 -0.380370 -0.251986 -0.201955 -15.319706 2.250741 2.009532 9.067872 -0.262922 -4.283460 -0.037912 -1.493850 -2.804070 -0.805225 0.849130 -0.168872 0.828499 0.643327 0.169794 -1.590760 -0.305187 1.468586 -0.755767 1.596697 0.063929 -0.321818 1.882203 0.450651 0.086252 2.174765 -0.025794 0.492075 -10.115931 0.474851 -2.015553 0.331811 0.127278 -5.068824 -8.655482 -6.291414 -0.545253
